
0
2804
5608
11267
16926
23011
29096
35427
41512
47597
53256
58915
61719
64523
67327
71420
74224
77028
79731
82535
85339
88363
91387
94933
98479
102572
106118
109664
113210
117303
121396
125489
129582
133778
137871
142067
146263
150832
155401
160106
164811
170228
174933
180350
185767
191356
196773
202362
207951
213540
219129
224718
230135
235552
240731
246148
251327
256744
262161
267750
273339
278928
284345
289762
294941
300120
304825
309530
314235
318940
323645
328350
333055
337760
342465
347644
352823
358002
362707
367886
372591
377770
382475
387180
391824
396468
401112
405756
410325
414969
419538
424107
428676
433245
437669
442238
446662
451133
455557
460028
464499
469068
473637
478206
482775
487344
491913
496557
501126
505695
510264
514908
519477
524046
528615
533184
537655
542126
546550
550974
555398
559822
564236
568650
573056
577470
581884
586298
590712
595126
599540
603954
608368
612782
617196
621610
626024
630448
634872
639343
643814
648285
652709
657180
661604
666028
670452
674876
679290
683714
688128
692542
696956
701370
705776
710190
714596
719002
723286
727692
731976
736260
740456
744740
749024
753308
757592
761998
766404
770818
775232
779646
784060
788474
792880
797294
801700
806114
810528
814942
819356
823780
828204
832628
837042
841466
845890
850361
854832
859331
863802
868301
872800
877306
881805
886304
890775
895274
899773
904279
908785
913291
917790
922289
926760
931231
935655
940126
944597
949068
953492
957916
962330
966754
971178
975649
980073
984497
988921
993392
997863
1002334
1006758
1011182
1015596
1020020
1024444
1028868
1033282
1037696
1042102
1046516
1050922
1055336
1059750
1064164
1068578
1073002
1077426
1081850
1086274
1090698
1095122
1099593
1104017
1108488
1112959
1117430
1121901
1126383
1130865
1135364
1139863
1144362
1148861
1153360
1157842
1162341
1166840
1171339
1175821
1180303
1184774
1189245
1193716
1198198
1202669
1207151
1211622
1216093
1220517
1224988
1229459
1233941
1238412
1242894
1247376
1251858
1256340
1260822
1265293
1269764
1274235
1278706
1283177
1287648
1292119
1296590
1301061
1305543
1310025
1314524
1319023
1323522
1328021
1332520
1337019
1341518
1346017
1350516
1355015
1359514
1364013
1368519
1373025
1377531
1382037
1386586
1391092
1395598
1400097
1404603
1409109
1413615
1418121
1422627
1427126
1431625
1436124
1440630
1445136
1449685
1454234
1458783
1463332
1467881
1472430
1476979
1481528
1486089
1490650
1495219
1499788
1504432
1509001
1513570
1518131
1522692
1527253
1531822
1536391
1541035
1545604
1550248
1554892
1559597
1564302
1569025
1573730
1578453
1583176
1587915
1592638
1597377
1602116
1606855
1611578
1616301
1621006
1625729
1630452
1635175
1639880
1644585
1649229
1653873
1658492
1663136
1667755
1672399
1677018
1681662
1686281
1690900
1695469
1700088
1704707
1709351
1713970
1718614
1723233
1727877
1732496
1737140
1741759
1746378
1750997
1755616
1760235
1764879
1769523
1774167
1778811
1783485
1788159
1792833
1797507
1802181
1806855
1811560
1816234
1820908
1825552
1830196
1834815
1839434
1844053
1848672
1853291
1857935
1862554
1867173
1871792
1876411
1881030
1885674
1890318
1894992
1899636
1904280
1908899
1913543
1918187
1922861
1927535
1932240
1936945
1941650
1946324
1950998
1955672
1960346
1965020
1969725
1974430
1979153
1983858
1988563
1993237
1997911
2002585
2007290
2011964
2016638
2021312
2026017
2030691
2035365
2040009
2044683
2049327
2053971
2058615
2063289
2067933
2072607
2077251
2081925
2086599
2091273
2095947
2100652
2105357
2110080
2114803
2119542
2124281
2129020
2133759
2138603
2143447
2148291
2153135
2157979
2162718
2167562
2172406
2177250
2181989
2186833
2191677
2196521
2201260
2205999
2210738
2215582
2220426
2225290
2230134
2234998
2239862
2244726
2249590
2254454
2259298
2264162
2269026
2273890
2278754
2283618
2288482
2293370
2298234
2303098
2307962
2312826
2317670
2322514
2327253
2331992
2336731
2341575
2346419
2351263
2356002
2360741
2365480
2370324
2375168
2380012
2384751
2389490
2394213
2398952
2403675
2408398
2413121
2417860
2422583
2427322
2432061
2436905
2441644
2446488
2451332
2456176
2461020
2465884
2470728
2475572
2480416
2485280
2490144
2495008
2499872
2504736
2509580
2514444
2519308
2524172
2529036
2533924
2538788
2543676
2548564
2553452
2558316
2563180
2568024
2572868
2577712
2582556
2587400
2592264
2597128
2602016
2606880
2611768
2616632
2621496
2626340
2631204
2636068
2640956
2645844
2650732
2655620
2660508
2665396
2670284
2675148
2680012
2684876
2689740
2694604
2699468
2704332
2709196
2714040
2718884
2723623
2728467
2733206
2738050
2742789
2747633
2752372
2757111
2761834
2766557
2771262
2775985
2780708
2785447
2790186
2794925
2799664
2804403
2809126
2813849
2818572
2823295
2828018
2832757
2837480
2842219
2846958
2851697
2856420
2861159
2865882
2870605
2875328
2880051
2884756
2889479
2894202
2898941
2903680
2908458
2913197
2917936
2922659
2927398
2932137
2936904
2941671
2946449
2951227
2956071
2960915
2965759
2970603
2975467
2980311
2985155
2989999
2994863
2999707
3004551
3009329
3014107
3018885
3023729
3028507
3033351
3038195
3043039
3047883
3052747
3057611
3062475
3067319
3072183
3077047
3081911
3086775
3091639
3096483
3101327
3106105
3110949
3115727
3120505
3125283
3130127
3134971
3139835
3144679
3149543
3154407
3159271
3164135
3168999
3173843
3178707
3183571
3188435
3193299
3198163
3203007
3207851
3212629
3217407
3222174
3226952
3231719
3236486
3241231
3245976
3250715
3255460
3260205
3264950
3269695
3274462
3279207
3283952
3288691
3293430
3298169
3302908
3307647
3312386
3317109
3321832
3326555
3331294
3336033
3340772
3345495
3350234
3354973
3359712
3364451
3369190
3373929
3378668
3383407
3388152
3392897
3397664
3402409
3407154
3411893
3416632
3421371
3426116
3430855
3435594
3440317
3445040
3449763
3454502
3459241
3463986
3468731
3473476
3478221
3482966
3487711
3492456
3497195
3501934
3506673
3511418
3516157
3520896
3525635
3530380
3535125
3539870
3544609
3549354
3554093
3558838
3563583
3568350
3573095
3577840
3582585
3587330
3592075
3596820
3601559
3606304
3611049
3615816
3620561
3625306
3630051
3634818
3639585
3644352
3649097
3653864
3658631
3663399
3668166
3672934
3677701
3682469
3687237
3692015
3696783
3701561
3706339
3711117
3715885
3720663
3725431
3730209
3734977
3739745
3744513
3749281
3754049
3758827
3763595
3768373
3773141
3777909
3782677
3787455
3792233
3797011
3801779
3806557
3811335
3816113
3820881
3825659
3830437
3835281
3840125
3844989
3849853
3854717
3859561
3864425
3869289
3874153
3879017
3883881
3888725
3893569
3898347
3903125
3907893
3912661
3917428
3922195
3926962
3931729
3936496
3941263
3946030
3950797
3955542
3960309
3965076
3969843
3974610
3979377
3984122
3988867
3993606
3998351
4003090
4007829
4012568
4017307
4022046
4026791
4031536
4036303
4041048
4045793
4050532
4055277
4060016
4064761
4069506
4074251
4078996
4083741
4088480
4093219
4097942
4102665
4107370
4112093
4116798
4121503
4126194
4130899
4135590
4140295
4144986
4149677
4154368
4159059
4163734
4168409
4173084
4177775
4182466
4187157
4191848
4196553
4201258
4205981
4210686
4215409
4220114
4224837
4229560
4234299
4239022
4243761
4248500
4253245
4257990
4262757
4267524
4272292
4277059
4281827
4286594
4291361
4296106
4300873
4305618
4310363
4315108
4319875
4324642
4329409
4334176
4338943
4343710
4348477
4353244
4358012
4362779
4367546
4372313
4377080
4381847
4386615
4391382
4396149
4400894
4405661
4410406
4415173
4419918
4424663
4429408
4434153
4438898
4443643
4448382
4453121
4457844
4462567
4467290
4472029
4476752
4481475
4486198
4490937
4495660
4500399
4505138
4509883
4514628
4519373
4524118
4528885
4533652
4538420
4543187
4547955
4552722
4557490
4562257
4567024
4571769
4576514
4581253
4585992
4590731
4595470
4600209
4604954
4609693
4614438
4619183
4623950
4628695
4633440
4638179
4642924
4647669
4652436
4657203
4661970
4666719
4671468
4676217
4680966
4685715
4690464
4695213
4699962
4704711
4709460
4714205
4718954
4723703
4728452
4733201
4737950
4742695
4747440
4752185
4756930
4761669
4766414
4771159
4775908
4780657
4785424
4790191
4794958
4799725
4804493
4809260
4814027
4818794
4823561
4828328
4833096
4837863
4842630
4847397
4852165
4856932
4861700
4866468
4871246
4876014
4880782
4885550
4890318
4895085
4899852
4904601
4909368
4914117
4918884
4923651
4928418
4933185
4937952
4942701
4947468
4952235
4957003
4961771
4966539
4971307
4976075
4980843
4985621
4990389
4995157
4999925
5004703
5009471
5014249
5019027
5023805
5028583
5033361
5038139
5042975
5047753
5052589
5057425
5062269
5067105
5071949
5076793
5081637
5086481
5091338
5096182
5101026
5105862
5110698
5115476
5120312
5125090
5129926
5134704
5139482
5144260
5149096
5153932
5158768
5163604
5168448
5173292
5178136
5182980
5187837
5192694
5197558
5202415
5207279
5212136
5217000
5221857
5226721
5231578
5236442
5241306
5246194
5251058
5255946
5260834
5265722
5270586
5275450
5280314
5285178
5290035
5294892
5299749
5304606
5309470
5314327
5319184
5324041
5328898
5333742
5338586
5343430
5348274
5353110
5357946
5362724
5367560
5372338
5377174
5382010
5386854
5391690
5396526
5401362
5406206
5411050
5415907
5420764
5425621
5430465
5435309
5440145
5444981
5449759
5454537
5459305
5464083
5468861
5473639
5478407
5483175
5487942
5492710
5497478
5502246
5507014
5511792
5516570
5521406
5526184
5531020
5535798
5540576
5545354
5550190
5555026
5559870
5564706
5569550
5574386
5579230
5584066
5588910
5593746
5598582
5603418
5608254
5613090
5617934
5622770
5627606
5632442
5637278
5642114
5646958
5651802
5656646
5661482
5666318
5671154
5675998
5680834
5685678
5690514
5695358
5700202
5705046
5709882
5714718
5719496
5724332
5729110
5733888
5738666
5743444
5748222
5753058
5757836
5762672
5767450
5772286
5777122
5781966
5786802
5791638
5796416
5801194
5805962
5810740
5815518
5820354
5825190
5830034
5834878
5839722
5844558
5849402
5854246
5859090
5863934
5868791
5873635
5878479
5883323
5888167
5893011
5897855
5902699
5907556
5912413
5917277
5922141
5927005
5931862
5936719
5941563
5946420
5951264
5956121
5960965
5965809
5970645
5975489
5980325
5985169
5990013
5994857
5999693
6004529
6009307
6014085
6018863
6023699
6028535
6033371
6038207
6043051
6047887
6052731
6057575
6062432
6067289
6072146
6076990
6081847
6086704
6091561
6096405
6101249
6106093
6110950
6115807
6120664
6125521
6130378
6135222
6140066
6144902
6149746
6154582
6159418
6164254
6169098
6173942
6178786
6183630
6188487
6193344
6198208
6203072
6207936
6212793
6217650
6222494
6227338
6232174
6237018
6241854
6246690
6251526
6256362
6261140
6265976
6270812
6275648
6280426
6285204
6289972
6294740
6299508
6304276
6309044
6313822
6318600
6323378
6328156
6332934
6337702
6342470
6347238
6352016
6356784
6361552
6366319
6371087
6375854
6380622
6385390
6390158
6394926
6399704
6404472
6409240
6414007
6418774
6423541
6428308
6433057
6437824
6442573
6447340
6452107
6456874
6461623
6466390
6471139
6475888
6480637
6485386
6490131
6494876
6499621
6504366
6509105
6513844
6518567
6523306
6528045
6532790
6537535
6542284
6547033
6551800
6556567
6561334
6566101
6570868
6575635
6580403
6585170
6589937
6594686
6599435
6604180
6608925
6613670
6618415
6623160
6627909
6632654
6637399
6642144
6646893
6651642
6656391
6661136
6665881
6670620
6675359
6680098
6684843
6689588
6694333
6699072
6703817
6708562
6713311
6718056
6722805
6727550
6732299
6737044
6741789
6746534
6751279
6756018
6760763
6765508
6770253
6774998
6779747
6784496
6789263
6794012
6798779
6803528
6808277
6813022
6817771
6822520
6827287
6832036
6836785
6841530
6846275
6851020
6855769
6860514
6865259
6869998
6874743
6879482
6884227
6888972
6893721
6898470
6903237
6908004
6912771
6917538
6922305
6927072
6931840
6936608
6941386
6946164
6950983
6955761
6960539
6965307
6970085
6974863
6979641
6984419
6989238
6994057
6998876
7003654
7008473
7013292
7018111
7022930
7027766
7032602
7037438
7042257
7047076
7051854
7056673
7061451
7066270
7071048
7075867
7080645
7085464
7090242
7095061
7099880
7104699
7109518
7114354
7119190
7124026
7128862
7133698
7138534
7143370
7148206
7153050
7157886
7162730
7167574
7172418
7177254
7182098
7186934
7191778
7196622
7201466
7206302
7211146
7215990
7220834
7225670
7230514
7235358
7240202
7245038
7249874
7254693
7259529
7264365
7269209
7274045
7278881
7283700
7288519
7293331
7298143
7302955
7307767
7312579
7317398
7322210
7327022
7331800
7336612
7341390
7346168
7350946
7355758
7360570
7365382
7370194
7375013
7379832
7384651
7389470
7394289
7399101
7403920
7408732
7413551
7418370
7423189
7428001
7432813
7437591
7442403
7447181
7451959
7456727
7461505
7466283
7471061
7475839
7480617
7485395
7490207
7494985
7499763
7504531
7509309
7514077
7518855
7523623
7528391
7533159
7537937
7542715
7547527
7552339
7557151
7561929
7566707
7571485
7576263
7581031
7585809
7590577
7595345
7600112
7604879
7609646
7614414
7619182
7623960
7628738
7633516
7638284
7643052
7647820
7652588
7657356
7662124
7666892
7671670
7676448
7681226
7686004
7690809
7695614
7700419
7705224
7710036
7714841
7719646
7724424
7729229
7734007
7738785
7743553
7748331
7753099
7757867
7762635
7767413
7772191
7776996
7781774
7786552
7791330
7796108
7800876
7805644
7810411
7815178
7819945
7824713
7829481
7834249
7839016
7843783
7848532
7853299
7858048
7862797
7867546
7872295
7877040
7881789
7886534
7891279
7896018
7900757
7905488
7910219
7914942
7919665
7924388
7929119
7933850
7938589
7943328
7948067
7952806
7957551
7962290
7967029
7971760
7976499
7981230
7985961
7990692
7995431
8000162
8004893
8009624
8014363
8019094
8023833
8028564
8033303
8038042
8042787
8047526
8052271
8057016
8061765
8066514
8071281
8076030
8080797
8085564
8090331
8095098
8099865
8104632
8109400
8114168
8118946
8123724
8128502
8133270
8138038
8142805
8147572
8152339
8157106
8161855
8166604
8171353
8176102
8180847
8185592
8190337
8195086
8199835
8204584
8209329
8214078
8218827
8223576
8228325
8233092
8237859
8242626
8247375
8252124
8256869
8261614
8266359
8271108
8275853
8280602
8285351
8290118
8294867
8299616
8304361
8309106
8313845
8318590
8323335
8328084
8332833
8337582
8342327
8347072
8351817
8356566
8361311
8366060
8370805
8375550
8380295
8385040
8389785
8394530
8399269
8404008
8408739
8413478
8418217
8422956
8427687
8432418
8437149
8441880
8446608
8451339
8456067
8460795
8465518
8470246
8474969
8479697
8484420
8489143
8493848
8498571
8503276
8507981
8512686
8517409
8522132
8526860
8531588
8536319
8541047
8545778
8550506
8555234
8559957
8564685
8569408
8574136
8578864
8583595
8588326
8593057
8597788
8602519
8607250
8611981
8616712
8621451
8626182
8630921
8635652
8640391
8645122
8649853
8654581
8659312
8664043
8668774
8673502
8678230
8682958
8687686
8692414
8697145
8701873
8706601
8711324
8716052
8720775
8725503
8730226
8734949
8739672
8744400
8749128
8753859
8758587
8763315
8768043
8772774
8777505
8782244
8786975
8791714
8796445
8801176
8805907
8810638
8815366
8820094
8824817
8829540
8834245
8838950
8843655
8848360
8853065
8857770
8862475
8867198
8871903
8876608
8881312
8886017
8890722
8895445
8900150
8904855
8909560
8914283
8919006
8923729
8928434
8933139
8937843
8942547
8947238
8951929
8956620
8961311
8966002
8970706
8975410
8980115
8984819
8989524
8994228
8998932
9003636
9008341
9013046
9017751
9022456
9027179
9031902
9036625
9041330
9046053
9050758
9055463
9060167
9064871
9069575
9074279
9078983
9083688
9088392
9093096
9097787
9102491
9107182
9111873
9116563
9121253
9125937
9130621
9135296
9139971
9144646
9149321
9153996
9158671
9163346
9168021
9172696
9177371
9182046
9186730
9191414
9196098
9200773
9205448
9210122
9214797
9219472
9224147
9228822
9233506
9238190
9242874
9247549
9252224
9256898
9261572
9266239
9270913
9275587
9280262
9284937
9289612
9294286
9298960
9303627
9308301
9312968
9317635
9322302
9326969
9331636
9336303
9340949
9345616
9350283
9354957
9359624
9364298
9368965
9373639
9378313
9382988
9387663
9392347
9397022
9401706
9406390
9411074
9415758
9420448
9425132
9429816
9434500
9439190
9443874
9448564
9453248
9457932
9462607
9467291
9471975
9476659
9481334
9486018
9490702
9495392
9500076
9504766
9509456
9514147
9518837
9523527
9528211
9532901
9537585
9542275
9546959
9551643
9556318
9561002
9565686
9570376
9575066
9579757
9584448
9589139
9593830
9598534
9603225
9607916
9612606
9617296
9621980
9626664
9631348
9636038
9640722
9645412
9650096
9654786
9659470
9664160
9668850
9673540
9678230
9682920
9687604
9692288
9696963
9701638
9706313
9710997
9715681
9720371
9725061
9729752
9734442
9739133
9743823
9748513
9753203
9757893
9762577
9767261
9771945
9776635
9781325
9786016
9790706
9795397
9800087
9804778
9809469
9814160
9818850
9823541
9828231
9832922
9837613
9842317
9847008
9851699
9856389
9861079
9865769
9870460
9875150
9879840
9884524
9889214
9893898
9898588
9903278
9907968
9912658
9917349
9922039
9926729
9931419
9936109
9940799
9945489
9950179
9954870
9959560
9964250
9968940
9973630
9978314
9983004
9987688
9992372
9997056
10001746
10006430
10011120
10015804
10020494
10025184
10029874
10034564
10039254
10043944
10048634
10053318
10058002
10062677
10067352
10072027
10076702
10081376
10086050
10090724
10095399
10100073
10104748
10109422
10114096
10118770
10123444
10128111
10132785
10137452
10142126
10146793
10151460
10156127
10160794
10165455
10170116
10174762
10179408
10184054
10188700
10193346
10197992
10202636
10207282
10211926
10216572
10221216
10225862
10230506
10235152
10239796
10244442
10249086
10253730
10258374
10263020
10267664
10272310
10276954
10281600
10286244
10290888
10295527
10300171
10304810
10309449
10314088
10318732
10323371
10328010
10332649
10337288
10341927
10346571
10351215
10355859
10360498
10365142
10369781
10374425
10379064
10383708
10388352
10392996
10397640
10402286
10406932
10411578
10416224
10420870
10425516
10430177
10434838
10439499
10444160
10448827
10453494
10458161
10462822
10467489
10472156
10476830
10481497
10486164
10490825
10495492
10500153
10504814
10509475
10514142
10518809
10523483
10528157
10532832
10537506
10542181
10546856
10551540
10556224
10560908
10565583
10570267
10574942
10579626
10584301
10588976
10593650
10598324
10602991
10607658
10612319
10616986
10621653
10626320
10630987
10635661
10640335
10645009
10649676
10654343
10659010
10663684
10668351
10673018
10677679
10682346
10687013
10691687
10696361
10701035
10705702
10710376
10715050
10719724
10724391
10729065
10733732
10738399
10743060
10747721
10752367
10757028
10761689
10766350
10771011
10775672
10780333
10785000
10789661
10794328
10798989
10803656
10808317
10812984
10817651
10822325
10826992
10831659
10836326
10840993
10845654
10850321
10854988
10859662
10864329
10868996
10873663
10878337
10883004
10887678
10892345
10897019
10901686
10906360
10911034
10915708
10920382
10925056
10929723
10934390
10939057
10943724
10948385
10953046
10957707
10962368
10967014
10971675
10976321
10980982
10985643
10990310
10994977
10999651
11004318
11008992
11013659
11018333
11023007
11027682
11032356
11037031
11041706
11046381
11051055
11055729
11060403
11065078
11069752
11074426
11079100
11083775
11088450
11093134
11097818
11102508
11107198
11111889
11116580
11121284
11125975
11130666
11135357
11140061
11144765
11149470
11154174
11158878
11163569
11168273
11172964
11177668
11182359
11187050
11191741
11196432
11201122
11205813
11210504
11215195
11219886
11224577
11229268
11233959
11238650
11243354
11248045
11252749
11257440
11262131
11266822
11271513
11276203
11280893
11285577
11290261
11294945
11299629
11304304
11308988
11313672
11318356
11323040
11327730
11332414
11337098
11341773
11346448
11351122
11355797
11360472
11365156
11369840
11374524
11379208
11383898
11388588
11393279
11397970
11402661
11407351
11412041
11416731
11421421
11426105
11430795
11435479
11440163
11444847
11449537
11454227
11458917
11463607
11468298
11472989
11477693
11482397
11487102
11491807
11496514
11501221
11505928
11510633
11515338
11520042
11524746
11529450
11534154
11538845
11543549
11548240
11552931
11557622
11562326
11567017
11571721
11576412
11581116
11585820
11590525
11595229
11599933
11604637
11609342
11614047
11618752
11623457
11628162
11632867
11637574
11642281
11647004
11651711
11656434
11661157
11665885
11670613
11675344
11680075
11684814
11689545
11694276
11699004
11703735
11708466
11713197
11717928
11722667
11727406
11732145
11736876
11741615
11746354
11751099
11755844
11760593
11765342
11770107
11774872
11779637
11784402
11789167
11793932
11798697
11803462
11808227
11812976
11817725
11822474
11827239
11831988
11836753
11841518
11846283
11851032
11855781
11860526
11865271
11870010
11874755
11879494
11884233
11888972
11893711
11898450
11903189
11907928
11912667
11917406
11922145
11926884
11931629
11936368
11941113
11945852
11950597
11955342
11960091
11964836
11969585
11974334
11979099
11983848
11988613
11993378
11998143
12002892
12007657
12012406
12017155
12021900
12026645
12031384
12036129
12040874
12045623
12050372
12055121
12059866
12064615
12069360
12074109
12078858
12083607
12088352
12093101
12097846
12102595
12107340
12112089
12116834
12121583
12126332
12131081
12135830
12140595
12145344
12150093
12154838
12159583
12164328
12169073
12173818
12178567
12183316
12188065
12192814
12197579
12202328
12207093
12211858
12216623
12221372
12226137
12230886
12235651
12240416
12245181
12249930
12254679
12259428
12264177
12268926
12273675
12278420
12283165
12287910
12292655
12297400
12302149
12306894
12311639
12316384
12321133
12325882
12330631
12335380
12340145
12344910
12349675
12354440
12359207
12363972
12368739
12373504
12378269
12383034
12387801
12392566
12397333
12402098
12406865
12411632
12416400
12421167
12425935
12430703
12435475
12440243
12445015
12449783
12454555
12459327
12464103
12468875
12473647
12478419
12483191
12487959
12492727
12497495
12502263
12507030
12511798
12516566
12521334
12526102
12530870
12535638
12540406
12545174
12549946
12554714
12559482
12564249
12569016
12573781
12578546
12583311
12588076
12592825
12597574
12602323
12607088
12611837
12616602
12621367
12626134
12630901
12635668
12640435
12645202
12649967
12654734
12659501
12664269
12669036
12673804
12678571
12683338
12688103
12692868
12697633
12702398
12707147
12711912
12716661
12721410
12726155
12730904
12735653
12740418
12745183
12749948
12754713
12759478
12764227
12768992
12773757
12778524
12783289
12788054
12792819
12797584
12802349
12807114
12811879
12816646
12821411
12826178
12830945
12835713
12840481
12845249
12850017
12854789
12859557
12864329
12869097
12873869
12878641
12883417
12888193
12892969
12897745
12902521
12907293
12912069
12916841
12921617
12926389
12931161
12935933
12940709
12945481
12950253
12955025
12959797
12964569
12969341
12974113
12978885
12983657
12988429
12993197
12997965
13002732
13007499
13012264
13017031
13021798
13026565
13031330
13036097
13040862
13045627
13050376
13055125
13059870
13064615
13069360
13074109
13078854
13083599
13088338
13093077
13097808
13102547
13107278
13112017
13116748
13121487
13126226
13130971
13135716
13140465
13145210
13149959
13154704
13159453
13164202
13168967
13173716
13178465
13183214
13187979
13192728
13197477
13202226
13206991
13211740
13216505
13221254
13226019
13230784
13235551
13240318
13245085
13249852
13254620
13259388
13264160
13268928
13273700
13278468
13283240
13288012
13292788
13297564
13302340
13307116
13311894
13316670
13321446
13326218
13330990
13335762
13340534
13345306
13350082
13354858
13359634
13364406
13369182
13373958
13378734
13383506
13388278
13393046
13397818
13402590
13407362
13412134
13416906
13421678
13426450
13431222
13435998
13440774
13445552
13450328
13455106
13459884
13464662
13469438
13474216
13478994
13483778
13488562
13493353
13498144
13502935
13507726
13512522
13517313
13522109
13526905
13531701
13536497
13541299
13546101
13550903
13555705
13560510
13565312
13570114
13574916
13579718
13584520
13589322
13594118
13598914
13603710
13608512
13613308
13618104
13622895
13627691
13632487
13637289
13642085
13646881
13651672
13656463
13661254
13666050
13670841
13675632
13680423
13685219
13690015
13694811
13699607
13704409
13709211
13714013
13718809
13723611
13728407
13733209
13738011
13742816
13747618
13752423
13757228
13762034
13766839
13771644
13776449
13781254
13786056
13790858
13795654
13800450
13805246
13810048
13814850
13819652
13824454
13829259
13834064
13838869
13843671
13848473
13853269
13858071
13862867
13867663
13872459
13877255
13882051
13886847
13891643
13896445
13901241
13906043
13910839
13915635
13920426
13925222
13930018
13934814
13939610
13944412
13949214
13954019
13958821
13963626
13968428
13973233
13978038
13982844
13987649
13992455
13997261
14002067
14006872
14011678
14016483
14021289
14026095
14030901
14035707
14040513
14045319
14050125
14054931
14059737
14064543
14069349
14074155
14078961
14083767
14088573
14093379
14098185
14102991
14107797
14112603
14117409
14122215
14127027
14131839
14136651
14141463
14146275
14151087
14155906
14160718
14165530
14170342
14175161
14179980
14184799
14189618
14194437
14199249
14204061
14208873
14213692
14218511
14223332
14228151
14232972
14237791
14242610
14247429
14252248
14257060
14261879
14266691
14271510
14276322
14281141
14285960
14290779
14295598
14300417
14305229
14310041
14314853
14319665
14324477
14329296
14334108
14338920
14343732
14348551
14353363
14358175
14362987
14367806
14372625
14377446
14382267
14387088
14391909
14396730
14401551
14406372
14411193
14416014
14420835
14425657
14430479
14435305
14440131
14444963
14449795
14454631
14459463
14464299
14469131
14473967
14478803
14483639
14488475
14493311
14498147
14502991
14507835
14512687
14517531
14522375
14527211
14532047
14536883
14541719
14546555
14551391
14556223
14561059
14565895
14570739
14575583
14580427
14585263
14590107
14594951
14599795
14604631
14609475
14614311
14619147
14623983
14628819
14633655
14638491
14643323
14648155
14652987
14657819
14662651
14667487
14672319
14677155
14681987
14686823
14691655
14696491
14701327
14706171
14711015
14715859
14720695
14725531
14730363
14735195
14740027
14744863
14749699
14754543
14759379
14764215
14769051
14773895
14778731
14783567
14788403
14793239
14798071
14802903
14807729
14812555
14817381
14822207
14827033
14831865
14836697
14841533
14846369
14851205
14856037
14860873
14865705
14870541
14875373
14880205
14885031
14889863
14894695
14899527
14904353
14909179
14914005
14918837
14923669
14928505
14933341
14938185
14943029
14947873
14952717
14957569
14962421
14967273
14972125
14976977
14981829
14986681
14991525
14996369
15001205
15006049
15010893
15015737
15020581
15025433
15030277
15035129
15039973
15044825
15049677
15054529
15059373
15064225
15069077
15073929
15078781
15083633
15088485
15093340
15098195
15103052
15107907
15112762
15117617
15122474
15127329
15132184
15137036
15141891
15146743
15151598
15156450
15161305
15166160
15171015
15175867
15180722
15185577
15190434
15195289
15200146
15205001
15209856
15214711
15219566
15224421
15229278
15234135
15238992
15243847
15248702
15253554
15258406
15263258
15268113
15272965
15277817
15282661
15287513
15292365
15297217
15302069
15306924
15311779
15316634
15321489
15326344
15331199
15336056
15340911
15345768
15350623
15355480
15360337
15365194
15370051
15374908
15379765
15384622
15389479
15394336
15399193
15404050
15408907
15413764
15418619
15423476
15428331
15433186
15438041
15442896
15447751
15452608
15457465
15462322
15467179
15472036
15476891
15481746
15486601
15491456
15496311
15501168
15506025
15510882
15515737
15520592
15525444
15530299
15535151
15540006
15544858
15549710
15554562
15559414
15564258
15569110
15573962
15578814
15583666
15588521
15593373
15598228
15603080
15607932
15612784
15617639
15622494
15627351
15632208
15637065
15641922
15646779
15651634
15656491
15661348
15666205
15671062
15675919
15680776
15685633
15690490
15695347
15700202
15705059
15709914
15714769
15719624
15724481
15729336
15734191
15739046
15743901
15748756
15753613
15758470
15763327
15768184
15773041
15777898
15782755
15787610
15792467
15797322
15802177
15807029
15811884
15816739
15821596
15826451
15831308
15836163
15841020
15845877
15850734
15855589
15860446
15865303
15870160
15875017
15879874
15884731
15889588
15894445
15899309
15904173
15909037
15913901
15918766
15923631
15928496
15933361
15938226
15943091
15947956
15952821
15957686
15962551
15967416
15972281
15977146
15982011
15986876
15991741
15996614
16001487
16006375
16011263
16016151
16021039
16025927
16030815
16035705
16040593
16045481
16050369
16055259
16060149
16065039
16069929
16074819
16079709
16084599
16089489
16094387
16099277
16104175
16109073
16113973
16118871
16123771
16128669
16133567
16138465
16143365
16148265
16153165
16158063
16162961
16167859
16172757
16177655
16182553
16187451
16192349
16197239
16202129
16207019
16211909
16216797
16221687
16226577
16231475
16236373
16241271
16246161
16251059
16255957
16260857
16265757
16270658
16275559
16280460
16285360
16290260
16295158
16300056
16304946
16309836
16314726
16319624
16324522
16329420
16334318
16339218
16344118
16349018
16353918
16358819
16363720
16368621
16373522
16378423
16383324
16388227
16393128
16398029
16402929
16407829
16412727
16417625
16422523
16427423
16432323
16437223
16442123
16447023
16451923
16456824
16461724
16466624
16471522
16476422
16481320
16486218
16491108
16496006
16500904
16505802
16510700
16515600
16520498
16525396
16530294
16535192
16540082
16544980
16549878
16554778
16559676
16564576
16569474
16574374
16579272
16584172
16589072
16593973
16598874
16603775
16608676
16613579
16618482
16623385
16628288
16633191
16638094
16642997
16647900
16652803
16657706
16662609
16667512
16672415
16677318
16682221
16687124
16692027
16696928
16701829
16706729
16711629
16716527
16721425
16726323
16731221
16736111
16741001
16745891
16750781
16755671
16760561
16765451
16770349
16775247
16780147
16785045
16789943
16794841
16799739
16804637
16809537
16814435
16819333
16824231
16829129
16834027
16838925
16843823
16848723
16853623
16858524
16863425
16868328
16873231
16878134
16883037
16887940
16892843
16897746
16902647
16907548
16912448
16917348
16922246
16927146
16932044
16936944
16941842
16946740
16951638
16956538
16961436
16966336
16971236
16976137
16981038
16985939
16990840
16995743
17000646
17005549
17010452
17015355
17020258
17025161
17030064
17034967
17039868
17044771
17049674
17054577
17059480
17064383
17069286
17074189
17079092
17083996
17088899
17093803
17098707
17103618
17108522
17113433
17118337
17123248
17128152
17133063
17137974
17142885
17147789
17152693
17157596
17162500
17167403
17172306
17177209
17182113
17187017
17191928
17196839
17201751
17206663
17211575
17216487
17221399
17226311
17231223
17236134
17241045
17245956
17250868
17255780
17260693
17265605
17270518
17275430
17280343
17285255
17290167
17295079
17299991
17304902
17309813
17314717
17319621
17324525
17329429
17334332
17339236
17344140
17349044
17353947
17358850
17363753
17368657
17373560
17378463
17383366
17388269
17393172
17398075
17402976
17407877
17412777
17417677
17422575
17427475
17432375
17437275
17442175
17447076
17451977
17456880
17461783
17466686
17471589
17476493
17481397
17486308
17491219
17496130
17501034
17505938
17510841
17515744
17520647
17525551
17530454
17535358
17540261
17545164
17550067
17554970
17559871
17564774
17569677
17574580
17579483
17584386
17589287
17594190
17599093
17603996
17608899
17613802
17618703
17623606
17628507
17633408
17638309
17643210
17648110
17653011
17657912
17662815
17667718
17672621
17677524
17682427
17687330
17692233
17697136
17702039
17706942
17711845
17716748
17721651
17726554
17731457
17736360
17741263
17746166
17751069
17755972
17760875
17765778
17770681
17775584
17780487
17785390
17790293
17795196
17800100
17805004
17809908
17814812
17819716
17824619
17829522
17834425
17839328
17844231
17849134
17854037
17858940
17863843
17868746
17873649
17878552
17883455
17888358
17893259
17898162
17903063
17907964
17912865
17917766
17922667
17927568
17932469
17937370
17942271
17947174
17952075
17956976
17961877
17966780
17971683
17976586
17981489
17986393
17991296
17996200
18001103
18006006
18010909
18015813
18020716
18025620
18030523
18035426
18040329
18045232
18050135
18055039
18059943
18064854
18069765
18074676
18079587
18084499
18089411
18094323
18099234
18104145
18109049
18113953
18118857
18123761
18128665
18133569
18138473
18143377
18148281
18153185
18158089
18163000
18167904
18172808
18177712
18182616
18187519
18192423
18197327
18202231
18207134
18212037
18216940
18221843
18226746
18231649
18236552
18241456
18246359
18251262
18256165
18261068
18265971
18270874
18275777
18280680
18285583
18290487
18295390
18300294
18305198
18310109
18315020
18319932
18324844
18329757
18334669
18339582
18344494
18349406
18354318
18359230
18364142
18369054
18373965
18378877
18383789
18388702
18393614
18398526
18403438
18408351
18413264
18418177
18423090
18428003
18432916
18437832
18442745
18447658
18452570
18457482
18462393
18467305
18472217
18477130
18482042
18486955
18491867
18496779
18501690
18506601
18511505
18516409
18521313
18526217
18531120
18536024
18540927
18545830
18550733
18555636
18560539
18565442
18570345
18575248
18580151
18585054
18589957
18594860
18599761
18604662
18609562
18614462
18619362
18624263
18629163
18634063
18638963
18643864
18648765
18653668
18658569
18663470
18668371
18673274
18678177
18683080
18687983
18692886
18697789
18702692
18707595
18712498
18717401
18722305
18727208
18732111
18737014
18741917
18746820
18751723
18756626
18761529
18766432
18771335
18776236
18781137
18786037
18790937
18795835
18800733
18805631
18810529
18815427
18820325
18825223
18830121
18835011
18839909
18844807
18849707
18854607
18859508
18864408
18869309
18874209
18879109
18884009
18888909
18893809
18898710
18903610
18908511
18913412
18918315
18923218
18928121
18933024
18937927
18942830
18947733
18952636
18957539
18962442
18967345
18972248
18977151
18982054
18986957
18991860
18996763
19001664
19006567
19011470
19016373
19021276
19026179
19031082
19035985
19040886
19045789
19050690
19055593
19060496
19065399
19070300
19075201
19080102
19085003
19089904
19094805
19099705
19104606
19109506
19114407
19119308
19124209
19129109
19134009
19138909
19143809
19148707
19153607
19158507
19163408
19168308
19173209
19178109
19183009
19187909
19192810
19197711
19202614
19207517
19212420
19217323
19222226
19227129
19232032
19236935
19241838
19246739
19251642
19256545
19261448
19266351
19271254
19276157
19281060
19285963
19290867
19295771
19300682
19305586
19310490
19315393
19320296
19325199
19330102
19335003
19339904
19344804
19349705
19354606
19359507
19364407
19369308
19374208
19379108
19384008
19388908
19393806
19398704
19403602
19408502
19413400
19418300
19423198
19428098
19432998
19437899
19442800
19447703
19452604
19457505
19462406
19467307
19472208
19477109
19482010
19486911
19491811
19496712
19501613
19506514
19511415
19516318
19521221
19526124
19531027
19535930
19540833
19545736
19550639
19555542
19560445
19565348
19570251
19575154
19580057
19584960
19589863
19594767
19599670
19604574
19609477
19614381
19619285
19624189
19629092
19633995
19638898
19643801
19648704
19653607
19658510
19663413
19668316
19673219
19678122
19683025
19687926
19692829
19697732
19702635
19707536
19712437
19717338
19722241
19727144
19732047
19736950
19741853
19746756
19751659
19756562
19761465
19766368
19771271
19776174
19781077
19785978
19790879
19795779
19800679
19805579
19810480
19815381
19820284
19825187
19830090
19834993
19839896
19844799
19849703
19854607
19859511
19864414
19869317
19874220
19879123
19884024
19888927
19893828
19898729
19903630
19908531
19913431
19918332
19923232
19928132
19933032
19937933
19942834
19947735
19952635
19957536
19962437
19967338
19972239
19977140
19982041
19986942
19991843
19996744
20001644
20006545
20011446
20016349
20021250
20026151
20031052
20035953
20040853
20045753
20050651
20055551
20060449
20065347
20070245
20075143
20080041
20084941
20089841
20094741
20099639
20104537
20109435
20114333
20119231
20124129
20129027
20133927
20138825
20143725
20148625
20153525
20158425
20163326
20168226
20173126
20178024
20182924
20187824
20192724
20197624
20202525
20207426
20212327
20217227
20222127
20227025
20231925
20236825
20241725
20246623
20251523
20256423
20261323
20266221
20271121
20276019
20280917
20285807
20290705
20295603
20300501
20305399
20310297
20315187
20320077
20324967
20329857
20334747
20339645
20344543
20349441
20354339
20359237
20364135
20369033
20373931
20378831
20383729
20388629
20393529
20398430
20403331
20408232
20413133
20418036
20422939
20427842
20432745
20437648
20442551
20447455
20452359
20457263
20462167
20467078
20471989
20476900
20481804
20486708
20491612
20496523
20501427
20506331
20511235
20516146
20521057
20525968
20530872
20535776
20540679
20545582
20550485
20555388
20560291
20565195
20570098
20575001
20579904
20584807
20589710
20594613
20599516
20604420
20609324
20614235
20619139
20624043
20628946
20633849
20638752
20643655
20648556
20653457
20658358
20663259
20668160
20673063
20677964
20682865
20687765
20692665
20697565
20702465
20707363
20712261
20717159
20722059
20726959
20731860
20736761
20741662
20746563
20751466
20756369
20761272
20766175
20771078
20775981
20780884
20785787
20790690
20795591
20800492
20805393
20810296
20815197
20820098
20824998
20829899
20834799
20839699
20844599
20849500
20854400
20859300
20864200
20869101
20874001
20878901
20883801
20888702
20893602
20898502
20903400
20908300
20913198
20918096
20922986
20927876
20932764
20937652
20942540
20947430
20952318
20957206
20962094
20966982
20971870
20976758
20981646
20986534
20991422
20996310
21001198
21006086
21010974
21015862
21020750
21025640
21030528
21035418
21040308
21045206
21050104
21055004
21059904
21064805
21069706
21074609
21079512
21084415
21089318
21094221
21099124
21104027
21108930
21113834
21118738
21123642
21128546
21133457
21138368
21143280
21148192
21153105
21158018
21162931
21167843
21172755
21177667
21182579
21187491
21192403
21197315
21202228
21207141
21212054
21216966
21221878
21226789
21231700
21236604
21241515
21246426
21251337
21256248
21261159
21266070
21270981
21275892
21280804
21285716
21290629
21295541
21300454
21305366
21310278
21315190
21320103
21325015
21329927
21334838
21339750
21344661
21349572
21354476
21359387
21364291
21369202
21374106
21379010
21383914
21388818
21393722
21398633
21403537
21408448
21413352
21418263
21423167
21428071
21432974
21437877
21442780
21447683
21452586
21457489
21462392
21467295
21472198
21477101
21482004
21486908
21491811
21496715
21501619
21506523
21511427
21516338
21521249
21526161
21531072
21535983
21540887
21545791
21550694
21555597
21560500
21565403
21570304
21575207
21580108
21585009
21589909
21594810
21599711
21604614
21609515
21614416
21619317
21624218
21629119
21634020
21638921
21643824
21648725
21653628
21658529
21663432
21668333
21673236
21678139
21683042
21687943
21692846
21697749
21702652
21707555
21712459
21717362
21722265
21727168
21732071
21736974
21741877
21746780
21751683
21756584
21761487
21766388
21771291
21776194
21781097
21786000
21790904
21795808
21800719
21805630
21810542
21815454
21820367
21825280
21830196
21835112
21840031
21844947
21849863
21854779
21859698
21864617
21869536
21874455
21879378
21884297
21889216
21894135
21899058
21903981
21908904
21913823
21918742
21923661
21928584
21933507
21938430
21943353
21948276
21953195
21958114
21963033
21967952
21972871
21977790
21982709
21987628
21992547
21997470
22002389
22007312
22012231
22017150
22022069
22026988
22031907
22036826
22041745
22046664
22051583
22056506
22061425
22066348
22071271
22076194
22081113
22086032
22090948
22095864
22100777
22105690
22110602
22115515
22120427
22125340
22130253
22135169
22140085
22145001
22149914
22154827
22159739
22164652
22169565
22174478
22179390
22184303
22189216
22194129
22199042
22203955
22208868
22213781
22218694
22223607
22228519
22233432
22238345
22243258
22248170
22253083
22257996
22262909
22267821
22272734
22277647
22282563
22287476
22292392
22297305
22302221
22307137
22312056
22316975
22321894
22326813
22331732
22336651
22341570
22346486
22351402
22356315
22361231
22366144
22371057
22375970
22380883
22385796
22390712
22395628
22400547
22405466
22410389
22415308
22420231
22425154
22430077
22435000
22439923
22444846
22449769
22454688
22459611
22464534
22469457
22474380
22479303
22484226
22489149
22494072
22498995
22503918
22508841
22513764
22518687
22523610
22528534
22533458
22538384
22543310
22548237
22553164
22558092
22563020
22567951
22572879
22577810
22582738
22587666
22592594
22597522
22602449
22607377
22612304
22617231
22622157
22627084
22632010
22636936
22641860
22646786
22651712
22656639
22661565
22666491
22671417
22676343
22681267
22686193
22691117
22696043
22700969
22705895
22710819
22715745
22720669
22725593
22730516
22735440
22740364
22745288
22750212
22755138
22760064
22764991
22769918
22774845
22779771
22784698
22789624
22794550
22799474
22804400
22809324
22814248
22819171
22824094
22829017
22833941
22838864
22843787
22848710
22853633
22858556
22863479
22868402
22873325
22878244
22883167
22888090
22893013
22897936
22902859
22907782
22912706
22917630
22922556
22927482
22932409
22937335
22942261
22947185
22952109
22957032
22961955
22966878
22971802
22976725
22981649
22986573
22991499
22996423
23001347
23006271
23011195
23016118
23021041
23025964
23030887
23035810
23040733
23045652
23050571
23055490
23060413
23065336
23070259
23075178
23080097
23085013
23089929
23094842
23099755
23104667
23109579
23114490
23119401
23124312
23129223
23134127
23139038
23143949
23148861
23153772
23158683
23163587
23168491
23173395
23178299
23183203
23188107
23193011
23197915
23202819
23207730
23212634
23217545
23222449
23227353
23232257
23237161
23242065
23246969
23251873
23256777
23261681
23266585
23271489
23276400
23281311
23286222
23291133
23296045
23300957
23305869
23310781
23315694
23320606
23325519
23330431
23335343
23340255
23345167
23350078
23354990
23359901
23364813
23369725
23374637
23379549
23384461
23389373
23394285
23399196
23404107
23409018
23413929
23418840
23423752
23428663
23433574
23438478
23443382
23448286
23453197
23458101
23463005
23467909
23472813
23477717
23482628
23487532
23492443
23497354
23502266
23507178
23512091
23517003
23521915
23526827
23531740
23536653
23541569
23546485
23551404
23556323
23561242
23566158
23571077
23575996
23580915
23585834
23590757
23595680
23600603
23605526
23610449
23615368
23620291
23625214
23630137
23635056
23639979
23644898
23649817
23654733
23659652
23664571
23669490
23674406
23679325
23684244
23689167
23694086
23699005
23703921
23708840
23713756
23718672
23723588
23728507
23733426
23738345
23743264
23748187
23753106
23758025
23762941
23767857
23772773
23777689
23782605
23787524
23792443
23797366
23802285
23807208
23812131
23817054
23821977
23826901
23831825
23836749
23841673
23846599
23851523
23856447
23861370
23866294
23871218
23876144
23881070
23885996
23890920
23895844
23900767
23905690
23910613
23915536
23920459
23925382
23930305
23935228
23940151
23945075
23949998
23954921
23959844
23964768
23969691
23974615
23979538
23984462
23989385
23994308
23999231
24004154
24009073
24013992
24018908
24023827
24028743
24033662
24038578
24043494
24048410
24053326
24058242
24063158
24068074
24072990
24077903
24082816
24087728
24092640
24097551
24102463
24107375
24112288
24117200
24122113
24127026
24131939
24136851
24141763
24146675
24151587
24156498
24161410
24166322
24171235
24176147
24181060
24185973
24190886
24195798
24200710
24205621
24210533
24215444
24220356
24225268
24230180
24235091
24240003
24244915
24249827
24254738
24259649
24264560
24269471
24274382
24279294
24284206
24289119
24294031
24298943
24303855
24308767
24313679
24318591
24323502
24328414
24333325
24338237
24343148
24348059
24352963
24357867
24362771
24367675
24372579
24377483
24382387
24387291
24392194
24397098
24402001
24406905
24411809
24416713
24421617
24426521
24431424
24436327
24441230
24446133
24451036
24455939
24460842
24465745
24470646
24475547
24480448
24485349
24490250
24495151
24500051
24504951
24509849
24514747
24519645
24524543
24529441
24534341
24539241
24544142
24549043
24553946
24558847
24563748
24568649
24573552
24578453
24583356
24588257
24593160
24598063
24602966
24607869
24612773
24617676
24622579
24627482
24632385
24637288
24642191
24647094
24651997
24656900
24661803
24666706
24671609
24676512
24681415
24686318
24691221
24696124
24701027
24705928
24710829
24715729
24720630
24725530
24730430
24735328
24740228
24745126
24750024
24754914
24759812
24764710
24769608
24774506
24779404
24784294
24789184
24794074
24798972
24803870
24808770
24813670
24818570
24823470
24828371
24833272
24838175
24843078
24847981
24852884
24857788
24862692
24867596
24872499
24877402
24882305
24887208
24892111
24897014
24901915
24906818
24911721
24916624
24921527
24926430
24931333
24936237
24941140
24946043
24950946
24955849
24960752
24965656
24970560
24975464
24980367
24985270
24990173
24995076
24999979
25004883
25009786
25014690
25019593
25024496
25029399
25034302
25039205
25044108
25049011
25053914
25058815
25063718
25068621
25073524
25078425
25083328
25088231
25093134
25098035
25102938
25107841
25112744
25117647
25122550
25127453
25132357
25137260
25142164
25147067
25151971
25156875
25161779
25166683
25171587
25176491
25181395
25186299
25191203
25196107
25201011
25205915
25210826
25215730
25220634
25225538
25230442
25235346
25240257
25245168
25250080
25254992
25259904
25264816
25269728
25274640
25279553
25284466
25289379
25294291
25299204
25304117
25309033
25313946
25318862
25323775
25328688
25333601
25338517
25343433
25348352
25353271
25358190
25363109
25368030
25372949
25377870
25382789
25387710
25392629
25397550
25402471
25407394
25412317
25417240
25422163
25427086
25432009
25436932
25441855
25446778
25451701
25456624
25461547
25466471
25471394
25476318
25481242
25486168
25491094
25496020
25500946
25505872
25510796
25515722
25520648
25525574
25530498
25535424
25540348
25545272
25550195
25555119
25560043
25564967
25569890
25574813
25579736
25584659
25589580
25594501
25599422
25604345
25609266
25614189
25619110
25624031
25628950
25633871
25638792
25643715
25648638
25653561
25658484
25663408
25668332
25673256
25678179
25683102
25688025
25692948
25697871
25702794
25707715
25712636
25717557
25722480
25727403
25732326
25737249
25742172
25747095
25752018
25756941
25761864
25766787
25771710
25776631
25781552
25786471
25791392
25796313
25801236
25806159
25811082
25816003
25820926
25825849
25830772
25835695
25840618
25845541
25850465
25855388
25860312
25865236
25870162
25875086
25880012
25884938
25889864
25894788
25899714
25904640
25909566
25914492
25919418
25924344
25929270
25934196
25939122
25944048
25948974
25953900
25958826
25963752
25968678
25973604
25978531
25983457
25988384
25993310
25998237
26003164
26008092
26013020
26017951
26022882
26027813
26032744
26037675
26042606
26047537
26052468
26057399
26062330
26067261
26072192
26077123
26082054
26086985
26091913
26096841
26101769
26106697
26111625
26116556
26121487
26126418
26131349
26136280
26141208
26146136
26151064
26155995
26160923
26165854
26170782
26175710
26180637
26185565
26190492
26195419
26200345
26205271
26210197
26215123
26220049
26224976
26229902
26234828
26239754
26244680
26249606
26254532
26259456
26264382
26269306
26274230
26279154
26284078
26289001
26293924
26298847
26303771
26308695
26313621
26318545
26323471
26328395
26333319
26338242
26343165
26348088
26353011
26357932
26362855
26367778
26372701
26377624
26382547
26387470
26392393
26397316
26402239
26407162
26412085
26417006
26421927
26426846
26431767
26436688
26441609
26446530
26451451
26456372
26461293
26466214
26471137
26476060
26480983
26485904
26490827
26495750
26500673
26505596
26510519
26515442
26520366
26525290
26530216
26535140
26540064
26544988
26549912
26554836
26559762
26564688
26569614
26574540
26579466
26584392
26589318
26594244
26599170
26604096
26609022
26613948
26618874
26623800
26628726
26633652
26638578
26643502
26648428
26653354
26658280
26663204
26668128
26673052
26677978
26682904
26687830
26692756
26697682
26702608
26707534
26712460
26717386
26722312
26727238
26732164
26737090
26742016
26746942
26751868
26756794
26761720
26766646
26771572
26776498
26781422
26786348
26791272
26796196
26801119
26806042
26810965
26815888
26820811
26825734
26830657
26835580
26840503
26845426
26850347
26855270
26860193
26865116
26870039
26874962
26879885
26884808
26889729
26894650
26899571
26904494
26909415
26914338
26919259
26924180
26929099
26934018
26938937
26943856
26948775
26953696
26958615
26963534
26968453
26973374
26978293
26983212
26988128
26993047
26997963
27002879
27007795
27012714
27017633
27022554
27027475
27032398
27037321
27042244
27047167
27052090
27057013
27061936
27066859
27071783
27076707
27081631
27086554
27091477
27096400
27101323
27106246
27111169
27116092
27121015
27125938
27130861
27135784
27140707
27145628
27150551
27155472
27160395
27165318
27170241
27175164
27180087
27185010
27189933
27194856
27199779
27204702
27209626
27214550
27219474
27224398
27229324
27234248
27239174
27244100
27249026
27253952
27258878
27263804
27268730
27273656
27278582
27283506
27288432
27293356
27298280
27303203
27308126
27313049
27317972
27322895
27327818
27332741
27337664
27342585
27347506
27352425
27357344
27362260
27367179
27372095
27377011
27381927
27386846
27391765
27396684
27401600
27406519
27411435
27416351
27421267
27426186
27431102
27436018
27440931
27445844
27450756
27455668
27460580
27465493
27470406
27475319
27480231
27485144
27490056
27494969
27499882
27504798
27509714
27514630
27519543
27524459
27529372
27534285
27539198
27544111
27549023
27553936
27558849
27563762
27568675
27573591
27578507
27583426
27588345
27593264
27598180
27603096
27608012
27612931
27617847
27622763
27627676
27632592
27637508
27642424
27647340
27652259
27657178
27662097
27667013
27671929
27676845
27681761
27686677
27691593
27696506
27701422
27706335
27711251
27716167
27721083
27725999
27730918
27735834
27740750
27745666
27750582
27755495
27760411
27765324
27770237
27775149
27780062
27784975
27789891
27794804
27799720
27804636
27809552
27814465
27819378
27824290
27829202
27834113
27839024
27843935
27848846
27853757
27858668
27863579
27868490
27873401
27878312
27883223
27888134
27893038
27897949
27902860
27907771
27912675
27917579
27922483
27927387
27932291
27937195
27942099
27947003
27951907
27956818
27961722
27966626
27971530
27976441
27981345
27986249
27991153
27996057
28000961
28005865
28010769
28015680
28020591
28025502
28030406
28035317
28040221
28045132
28050043
28054954
28059865
28064776
28069687
28074598
28079509
28084420
28089331
28094242
28099153
28104064
28108968
28113879
28118790
28123701
28128612
28133523
28138434
28143345
28148256
28153167
28158078
28162990
28167902
28172814
28177726
28182639
28187551
28192463
28197374
28202285
28207196
28212107
28217018
28221929
28226840
28231752
28236664
28241576
28246487
28251399
28256310
28261221
28266132
28271044
28275956
28280868
28285779
28290691
28295602
28300514
28305426
28310339
28315252
28320168
28325084
28330003
28334922
28339843
28344762
28349681
28354597
28359516
28364432
28369351
28374267
28379183
28384099
28389018
28393934
28398853
28403772
28408691
28413610
28418529
28423448
28428367
28433283
28438199
28443112
28448025
28452938
28457854
28462770
28467686
28472599
28477512
28482425
28487341
28492257
28497176
28502095
28507014
28511930
28516849
28521765
28526681
28531597
28536516
28541435
28546356
28551275
28556196
28561117
28566038
28570959
28575880
28580799
28585720
28590641
28595562
28600483
28605404
28610325
28615248
28620169
28625092
28630015
28634938
28639859
28644780
28649699
28654620
28659541
28664464
28669385
28674308
28679229
28684152
28689073
28693996
28698917
28703840
28708761
28713684
28718607
28723530
28728453
28733376
28738297
28743218
28748137
28753056
28757975
28762894
28767813
28772732
28777651
28782572
28787491
28792412
28797333
28802256
28807177
28812098
28817017
28821938
28826857
28831778
28836699
28841620
28846541
28851464
28856387
28861310
28866233
28871156
28876079
28881002
28885923
28890844
28895763
28900684
28905605
28910528
28915449
28920372
28925295
28930218
28935141
28940065
28944988
28949912
28954836
28959762
28964688
28969614
28974540
28979466
28984392
28989318
28994244
28999170
29004096
29009022
29013948
29018874
29023800
29028726
29033652
29038578
29043504
29048430
29053356
29058283
29063210
29068138
29073066
29077994
29082921
29087849
29092777
29097705
29102633
29107561
29112489
29117420
29122348
29127276
29132203
29137130
29142057
29146985
29151912
29156839
29161766
29166693
29171619
29176545
29181471
29186397
29191323
29196249
29201175
29206101
29211027
29215953
29220879
29225805
29230731
29235657
29240583
29245510
29250436
29255362
29260288
29265215
29270141
29275068
29279995
29284923
29289851
29294779
29299707
29304635
29309562
29314489
29319416
29324343
29329269
29334195
29339121
29344048
29348975
29353903
29358831
29363762
29368690
29373618
29378546
29383477
29388405
29393336
29398264
29403192
29408120
29413048
29417976
29422907
29427835
29432763
29437690
29442618
29447545
29452473
29457400
29462327
29467254
29472181
29477108
29482036
29486963
29491891
29496819
29501747
29506675
29511606
29516537
29521468
29526399
29531330
29536261
29541193
29546125
29551057
29555989
29560921
29565853
29570785
29575717
29580649
29585581
29590514
29595446
29600378
29605310
29610243
29615175
29620107
29625039
29629971
29634903
29639836
29644768
29649700
29654632
29659564
29664496
29669429
29674362
29679297
29684230
29689163
29694096
29699029
29703962
29708895
29713827
29718759
29723691
29728623
29733555
29738488
29743420
29748352
29753284
29758217
29763150
29768085
29773020
29777955
29782890
29787825
29792758
29797693
29802626
29807559
29812491
29817424
29822357
29827292
29832227
29837162
29842095
29847030
29851963
29856896
29861829
29866764
29871699
29876637
29881572
29886510
29891448
29896389
29901330
29906272
29911213
29916155
29921096
29926037
29930975
29935916
29940854
29945792
29950730
29955668
29960603
29965538
29970471
29975406
29980339
29985272
29990205
29995138
30000071
30005006
30009939
30014872
30019804
30024737
30029670
30034603
30039536
30044471
30049406
30054344
30059282
30064220
30069155
30074093
30079031
30083969
30088904
30093842
30098777
30103715
30108653
30113591
30118526
30123464
30128399
30133334
30138269
30143204
30148137
30153070
30158003
30162938
30167871
30172806
30177739
30182674
30187607
30192542
30197477
30202415
30207350
30212285
30217218
30222151
30227084
30232019
30236952
30241887
30246822
30251757
30256690
30261623
30266556
30271489
30276422
30281357
30286290
30291223
30296155
30301088
30306020
30310953
30315885
30320818
30325751
30330684
30335616
30340549
30345482
30350417
30355350
30360285
30365220
30370155
30375090
30380028
30384963
30389901
30394839
30399780
30404718
30409656
30414594
30419535
30424473
30429411
30434346
30439284
30444219
30449157
30454095
30459033
30463968
30468903
30473838
30478776
30483711
30488646
30493579
30498514
30503447
30508380
30513312
30518245
30523178
30528113
30533046
30537981
30542914
30547849
30552782
30557715
30562648
30567583
30572518
30577456
30582394
30587335
30592276
30597217
30602155
30607093
30612028
30616963
30621896
30626831
30631766
30636701
30641634
30646569
30651504
30656439
30661372
30666305
30671237
30676170
30681102
30686034
30690966
30695898
30700830
30705762
30710694
30715627
30720560
30725493
30730425
30735357
30740289
30745222
30750154
30755087
30760020
30764955
30769888
30774823
30779756
30784689
30789622
30794555
30799487
30804419
30809351
30814283
30819215
30824147
30829079
30834011
30838942
30843873
30848804
30853735
30858666
30863597
30868528
30873459
30878390
30883321
30888252
30893183
30898114
30903045
30907976
30912907
30917838
30922770
30927701
30932632
30937563
30942494
30947425
30952356
30957287
30962218
30967149
30972080
30977009
30981940
30986869
30991800
30996729
31001660
31006591
31011522
31016453
31021384
31026315
31031246
31036177
31041109
31046040
31050971
31055902
31060834
31065766
31070698
31075630
31080562
31085494
31090427
31095359
31100292
31105225
31110158
31115091
31120024
31124957
31129890
31134822
31139754
31144686
31149618
31154550
31159483
31164415
31169347
31174279
31179212
31184144
31189077
31194010
31198945
31203878
31208813
31213748
31218686
31223621
31228559
31233494
31238429
31243362
31248295
31253228
31258163
31263098
31268036
31272971
31277906
31282841
31287779
31292714
31297652
31302590
31307531
31312472
31317414
31322355
31327297
31332239
31337182
31342125
31347072
31352019
31356967
31361915
31366863
31371811
31376760
31381708
31386657
31391606
31396555
31401504
31406453
31411402
31416351
31421300
31426249
31431198
31436147
31441096
31446045
31450994
31455943
31460892
31465841
31470789
31475737
31480684
31485632
31490580
31495528
31500475
31505422
31510369
31515316
31520259
31525202
31530145
31535092
31540035
31544982
31549925
31554872
31559819
31564767
31569715
31574663
31579610
31584557
31589504
31594451
31599398
31604345
31609288
31614235
31619178
31624121
31629064
31634007
31638950
31643893
31648836
31653783
31658726
31663669
31668612
31673559
31678506
31683453
31688396
31693343
31698290
31703237
31708180
31713123
31718065
31723008
31727950
31732892
31737834
31742777
31747720
31752663
31757606
31762553
31767496
31772439
31777382
31782329
31787272
31792215
31797158
31802101
31807044
31811991
31816938
31821885
31826832
31831780
31836727
31841675
31846623
31851572
31856521
31861470
31866419
31871368
31876317
31881266
31886215
31891164
31896113
31901062
31906011
31910960
31915909
31920858
31925807
31930756
31935705
31940654
31945602
31950550
31955498
31960447
31965395
31970344
31975293
31980242
31985191
31990140
31995089
32000038
32004987
32009936
32014884
32019833
32024781
32029730
32034678
32039627
32044575
32049524
32054472
32059420
32064367
32069314
32074257
32079200
32084142
32089085
32094027
32098969
32103910
32108851
32113792
32118734
32123676
32128618
32133559
32138500
32143441
32148383
32153324
32158265
32163206
32168147
32173088
32178029
32182970
32187911
32192849
32197787
32202722
32207660
32212598
32217539
32222477
32227418
32232356
32237294
32242229
32247167
32252102
32257037
32261972
32266907
32271842
32276777
32281710
32286645
32291578
32296513
32301446
32306381
32311316
32316254
32321192
32326133
32331074
32336015
32340953
32345894
32350835
32355776
32360717
32365659
32370601
32375543
32380484
32385425
32390363
32395301
32400239
32405177
32410112
32415047
32419980
32424915
32429850
32434785
32439718
32444653
32449586
32454521
32459454
32464389
32469322
32474257
32479192
32484130
32489068
32494006
32498942
32503878
32508814
32513752
32518690
32523631
32528572
32533513
32538451
32543389
32548325
32553263
32558199
32563137
32568075
32573013
32577949
32582887
32587825
32592763
32597701
32602642
32607583
32612525
32617467
32622410
32627353
32632296
32637238
32642180
32647121
32652062
32657000
32661938
32666876
32671814
32676750
32681688
32686626
32691564
32696502
32701440
32706378
32711319
32716260
32721201
32726139
32731080
32736021
32740963
32745905
32750848
32755790
32760732
32765674
32770617
32775560
32780507
32785450
32790393
32795336
32800283
32805226
32810173
32815120
32820068
32825015
32829963
32834911
32839860
32844809
32849758
32854707
32859656
32864604
32869553
32874502
32879451
32884399
32889347
32894295
32899244
32904193
32909142
32914090
32919038
32923985
32928933
32933881
32938830
32943779
32948728
32953676
32958625
32963574
32968523
32973472
32978421
32983370
32988319
32993268
32998217
33003166
33008115
33013064
33018013
33022962
33027911
33032860
33037809
33042758
33047707
33052656
33057605
33062554
33067503
33072452
33077401
33082350
33087299
33092248
33097197
33102146
33107095
33112044
33116993
33121942
33126891
33131840
33136789
33141738
33146687
33151636
33156585
33161534
33166483
33171432
33176381
33181329
33186277
33191224
33196172
33201119
33206066
33211013
33215960
33220907
33225855
33230802
33235750
33240698
33245647
33250595
33255543
33260491
33265439
33270387
33275336
33280285
33285234
33290183
33295132
33300081
33305030
33309979
33314928
33319877
33324826
33329775
33334724
33339673
33344622
33349571
33354520
33359469
33364418
33369367
33374316
33379264
33384212
33389160
33394108
33399055
33404003
33408950
33413897
33418844
33423792
33428739
33433686
33438629
33443572
33448514
33453456
33458397
33463339
33468280
33473221
33478162
33483103
33488041
33492982
33497923
33502865
33507806
33512748
33517690
33522632
33527574
33532516
33537458
33542401
33547343
33552286
33557228
33562170
33567111
33572052
33576993
33581934
33586872
33591813
33596751
33601689
33606627
33611565
33616501
33621439
33626377
33631318
33636259
33641201
33646142
33651083
33656024
33660965
33665906
33670847
33675785
33680723
33685661
33690599
33695537
33700478
33705416
33710357
33715298
33720240
33725182
33730124
33735066
33740009
33744951
33749894
33754837
33759780
33764722
33769664
33774606
33779549
33784492
33789435
33794378
33799325
33804268
33809215
33814158
33819101
33824043
33828985
33833926
33838868
33843810
33848753
33853695
33858638
33863581
33868528
33873471
33878414
33883357
33888300
33893242
33898185
33903128
33908075
33913022
33917970
33922918
33927866
33932814
33937763
33942711
33947659
33952606
33957553
33962496
33967439
33972381
33977323
33982264
33987205
33992143
33997084
34002025
34006967
34011909
34016851
34021792
34026733
34031671
34036609
34041547
34046488
34051426
34056364
34061300
34066238
34071174
34076112
34081050
34085991
34090932
34095874
34100816
34105759
34110702
34115645
34120588
34125535
34130478
34135421
34140364
34145307
34150250
34155193
34160136
34165079
34170021
34174964
34179906
34184848
34189789
34194731
34199672
34204613
34209554
34214495
34219436
34224377
34229315
34234253
34239189
34244125
34249060
34253996
34258932
34263870
34268808
34273746
34278682
34283620
34288556
34293494
34298432
34303373
34308311
34313252
34318190
34323128
34328064
34333000
34337935
34342870
34347803
34352736
34357668
34362600
34367532
34372464
34377396
34382328
34387260
34392192
34397123
34402054
34406985
34411916
34416847
34421778
34426709
34431640
34436571
34441502
34446433
34451364
34456295
34461227
34466159
34471091
34476023
34480956
34485889
34490824
34495759
34500694
34505629
34510565
34515500
34520436
34525372
34530308
34535244
34540180
34545116
34550052
34554988
34559924
34564859
34569794
34574727
34579660
34584592
34589524
34594456
34599389
34604322
34609257
34614190
34619123
34624055
34628988
34633921
34638856
34643789
34648722
34653655
34658590
34663525
34668461
34673397
34678335
34683271
34688209
34693147
34698088
34703029
34707971
34712913
34717856
34722799
34727742
34732684
34737626
34742568
34747511
34752454
34757401
34762344
34767291
34772238
34777186
34782133
34787080
34792023
34796966
34801908
34806851
34811793
34816736
34821678
34826620
34831561
34836503
34841445
34846388
34851330
34856272
34861214
34866157
34871099
34876041
34880982
34885923
34890864
34895806
34900748
34905691
34910634
34915581
34920528
34925476
34930423
34935370
34940313
34945256
34950198
34955140
34960081
34965023
34969965
34974908
34979850
34984793
34989736
34994679
34999622
35004565
35009507
35014450
35019393
35024340
35029287
35034235
35039182
35044130
35049078
35054026
35058973
35063920
35068863
35073810
35078753
35083696
35088639
35093582
35098525
35103468
35108410
35113353
35118295
35123237
35128178
35133119
35138057
35142998
35147936
35152874
35157812
35162750
35167686
35172624
35177562
35182503
35187441
35192382
35197320
35202258
35207196
35212137
35217075
35222013
35226949
35231885
35236821
35241759
35246695
35251633
35256571
35261512
35266453
35271394
35276335
35281277
35286219
35291161
35296102
35301043
35305984
35310926
35315867
35320809
35325751
35330694
35335636
35340578
35345520
35350463
35355405
35360347
35365289
35370231
35375173
35380116
35385059
35390006
35394953
35399901
35404849
35409798
35414746
35419694
35424641
35429589
35434537
35439486
35444434
35449383
35454332
35459281
35464230
35469179
35474128
35479077
35484026
35488975
35493923
35498872
35503820
35508768
35513715
35518662
35523609
35528556
35533503
35538451
35543398
35548345
35553292
35558240
35563187
35568134
35573081
35578028
35582975
35587923
35592871
35597819
35602766
35607713
35612656
35617599
35622541
35627484
35632427
35637370
35642312
35647254
35652196
35657139
35662081
35667023
35671965
35676908
35681851
35686794
35691737
35696680
35701622
35706565
35711507
35716449
35721390
35726331
35731269
35736207
35741145
35746083
35751021
35755962
35760900
35765841
35770782
35775723
35780661
35785602
35790540
35795481
35800422
35805364
35810305
35815246
35820187
35825129
35830071
35835014
35839956
35844899
35849842
35854785
35859727
35864670
35869613
35874556
35879498
35884441
35889383
35894326
35899269
35904212
35909154
35914097
35919040
35923987
35928930
35933877
35938820
35943763
35948705
35953648
35958590
35963532
35968473
35973414
35978355
35983297
35988239
35993182
35998125
36003068
36008011
36012954
36017896
36022838
36027779
36032720
36037658
36042596
36047534
36052472
36057408
36062346
36067284
36072225
36077166
36082107
36087045
36091986
36096927
36101868
36106806
36111747
36116688
36121630
36126572
36131514
36136455
36141396
36146337
36151278
36156216
36161154
36166092
36171030
36175966
36180904
36185840
36190778
36195716
36200654
36205590
36210526
36215462
36220400
36225338
36230279
36235217
36240158
36245096
36250037
36254975
36259913
36264851
36269789
36274725
36279661
36284597
36289533
36294468
36299404
36304340
36309278
36314216
36319157
36324098
36329039
36333980
36338922
36343864
36348806
36353747
36358688
36363626
36368564
36373502
36378443
36383384
36388326
36393268
36398210
36403152
36408094
36413035
36417977
36422918
36427860
36432802
36437744
36442685
36447627
36452569
36457511
36462452
36467393
36472334
36477276
36482217
36487159
36492101
36497044
36501987
36506930
36511873
36516816
36521759
36526706
36531653
36536600
36541543
36546490
36551433
36556380
36561323
36566270
36571213
36576156
36581099
36586046
36590989
36595936
36600883
36605831
36610779
36615728
36620677
36625626
36630575
36635524
36640473
36645422
36650371
36655320
36660269
36665218
36670167
36675116
36680065
36685014
36689963
36694915
36699867
36704819
36709768
36714717
36719666
36724615
36729564
36734513
36739462
36744411
36749360
36754309
36759258
36764207
36769156
36774108
36779057
36784009
36788961
36793913
36798862
36803811
36808760
36813709
36818658
36823610
36828559
36833511
36838460
36843409
36848358
36853307
36858256
36863208
36868157
36873109
36878061
36883013
36887962
36892914
36897863
36902815
36907767
36912722
36917674
36922626
36927578
36932530
36937482
36942437
36947392
36952349
36957306
36962263
36967218
36972173
36977128
36982085
36987040
36991997
36996954
37001912
37006870
37011829
37016788
37021747
37026706
37031665
37036623
37041582
37046540
37051499
37056457
37061416
37066375
37071336
37076297
37081259
37086220
37091182
37096143
37101104
37106065
37111027
37115988
37120949
37125908
37130867
37135826
37140785
37145744
37150703
37155661
37160620
37165578
37170537
37175496
37180457
37185418
37190380
37195342
37200305
37205268
37210235
37215198
37220161
37225123
37230086
37235049
37240012
37244974
37249937
37254899
37259861
37264823
37269786
37274748
37279711
37284673
37289635
37294597
37299559
37304520
37309482
37314444
37319406
37324368
37329330
37334292
37339255
37344218
37349185
37354152
37359121
37364088
37369055
37374022
37378989
37383956
37388925
37393894
37398864
37403834
37408808
37413782
37418756
37423726
37428700
37433670
37438640
37443609
37448579
37453548
37458517
37463484
37468453
37473420
37478387
37483354
37488323
37493292
37498261
37503228
37508197
37513166
37518135
37523102
37528069
37533032
37537999
37542966
37547935
37552902
37557869
37562832
37567799
37572762
37577729
37582696
37587665
37592632
37597599
37602562
37607529
37612492
37617455
37622417
37627379
37632340
37637301
37642260
37647221
37652180
37657141
37662100
37667061
37672022
37676984
37681946
37686908
37691870
37696832
37701793
37706754
37711713
37716672
37721631
37726592
37731553
37736514
37741475
37746437
37751398
37756359
37761318
37766279
37771238
37776199
37781160
37786121
37791080
37796039
37800998
37805957
37810916
37815877
37820838
37825799
37830760
37835722
37840684
37845646
37850607
37855568
37860529
37865490
37870451
37875412
37880371
37885332
37890293
37895254
37900213
37905174
37910135
37915096
37920055
37925016
37929977
37934939
37939901
37944863
37949824
37954785
37959746
37964708
37969669
37974630
37979589
37984550
37989509
37994470
37999431
38004393
38009355
38014317
38019279
38024242
38029205
38034172
38039139
38044108
38049075
38054042
38059009
38063978
38068945
38073912
38078879
38083846
38088809
38093776
38098743
38103712
38108681
38113650
38118619
38123588
38128555
38133524
38138491
38143458
38148421
38153384
38158347
38163314
38168281
38173248
38178211
38183178
38188141
38193104
38198066
38203028
38207990
38212952
38217913
38222875
38227837
38232799
38237760
38242722
38247684
38252646
38257608
38262571
38267533
38272496
38277459
38282422
38287384
38292346
38297307
38302268
38307227
38312186
38317145
38322106
38327065
38332026
38336985
38341944
38346903
38351862
38356820
38361778
38366735
38371692
38376647
38381604
38386561
38391518
38396473
38401428
38406383
38411340
38416295
38421250
38426202
38431154
38436103
38441052
38446001
38450950
38455899
38460848
38465797
38470746
38475695
38480644
38485593
38490542
38495491
38500440
38505389
38510338
38515287
38520236
38525185
38530134
38535083
38540032
38544981
38549930
38554879
38559828
38564777
38569726
38574675
38579624
38584573
38589522
38594471
38599420
38604369
38609318
38614267
38619216
38624165
38629117
38634066
38639015
38643964
38648916
38653868
38658820
38663772
38668727
38673682
38678637
38683592
38688549
38693504
38698459
38703411
38708366
38713318
38718273
38723228
38728185
38733140
38738095
38743047
38748002
38752954
38757906
38762858
38767813
38772768
38777725
38782680
38787637
38792594
38797552
38802510
38807468
38812425
38817383
38822341
38827299
38832256
38837213
38842170
38847127
38852084
38857042
38861999
38866957
38871915
38876874
38881832
38886791
38891750
38896709
38901668
38906627
38911585
38916543
38921500
38926457
38931414
38936372
38941329
38946287
38951244
38956202
38961160
38966119
38971077
38976035
38980993
38985951
38990908
38995865
39000822
39005779
39010736
39015693
39020650
39025607
39030564
39035522
39040480
39045439
39050397
39055355
39060313
39065271
39070229
39075188
39080146
39085104
39090061
39095018
39099975
39104932
39109889
39114847
39119805
39124764
39129723
39134684
39139645
39144607
39149569
39154532
39159495
39164462
39169425
39174388
39179351
39184314
39189277
39194240
39199203
39204170
39209137
39214104
39219067
39224034
39229001
39233970
39238937
39243906
39248873
39253840
39258807
39263774
39268737
39273700
39278663
39283630
39288597
39293564
39298527
39303494
39308457
39313424
39318387
39323354
39328321
39333290
39338257
39343226
39348195
39353164
39358131
39363100
39368069
39373038
39378007
39382976
39387945
39392915
39397885
39402855
39407825
39412799
39417773
39422747
39427721
39432695
39437669
39442643
39447617
39452591
39457565
39462539
39467513
39472487
39477461
39482435
39487409
39492383
39497357
39502331
39507305
39512279
39517253
39522227
39527201
39532175
39537149
39542123
39547097
39552071
39557045
39562019
39566993
39571967
39576941
39581915
39586889
39591863
39596837
39601811
39606785
39611759
39616733
39621707
39626681
39631655
39636629
39641603
39646577
39651551
39656525
39661499
39666473
39671447
39676421
39681395
39686369
39691343
39696317
39701291
39706265
39711239
39716213
39721187
39726161
39731135
39736109
39741086
39746060
39751037
39756011
39760985
39765959
39770933
39775907
39780881
39785855
39790829
39795803
39800777
39805751
39810725
39815699
39820673
39825647
39830621
39835595
39840569
39845543
39850517
39855491
39860465
39865439
39870413
39875383
39880357
39885327
39890301
39895271
39900241
39905210
39910180
39915149
39920118
39925087
39930057
39935026
39939996
39944965
39949935
39954905
39959879
39964853
39969827
39974801
39979775
39984745
39989715
39994685
39999655
40004625
40009599
40014569
40019543
40024513
40029483
40034452
40039421
40044390
40049360
40054329
40059298
40064267
40069237
40074207
40079177
40084147
40089117
40094087
40099061
40104035
40109009
40113983
40118957
40123931
40128905
40133875
40138849
40143819
40148793
40153767
40158741
40163715
40168689
40173663
40178637
40183611
40188585
40193559
40198533
40203507
40208481
40213455
40218429
40223403
40228377
40233351
40238325
40243299
40248273
40253247
40258221
40263195
40268169
40273143
40278117
40283091
40288065
40293039
40298016
40302990
40307967
40312941
40317918
40322895
40327872
40332849
40337826
40342803
40347780
40352757
40357734
40362711
40367688
40372665
40377642
40382619
40387596
40392573
40397550
40402524
40407498
40412472
40417446
40422420
40427394
40432368
40437342
40442316
40447290
40452264
40457238
40462212
40467186
40472160
40477134
40482108
40487082
40492056
40497030
40502004
40506978
40511952
40516926
40521900
40526874
40531848
40536822
40541792
40546762
40551732
40556702
40561672
40566646
40571616
40576586
40581556
40586526
40591495
40596465
40601434
40606404
40611374
40616348
40621322
40626296
40631270
40636244
40641214
40646184
40651153
40656122
40661091
40666061
40671030
40676000
40680970
40685944
40690914
40695884
40700854
40705828
40710802
40715776
40720750
40725724
40730694
40735668
40740638
40745608
40750577
40755546
40760513
40765482
40770451
40775421
40780390
40785360
40790330
40795304
40800274
40805244
40810214
40815188
40820162
40825136
40830106
40835080
40840050
40845020
40849989
40854958
40859927
40864897
40869866
40874835
40879804
40884773
40889742
40894712
40899682
40904656
40909626
40914600
40919574
40924548
40929518
40934492
40939462
40944432
40949401
40954370
40959337
40964304
40969267
40974234
40979201
40984168
40989135
40994102
40999065
41004032
41008995
41013958
41018920
41023882
41028844
41033806
41038767
41043729
41048691
41053654
41058616
41063578
41068540
41073502
41078464
41083427
41088389
41093352
41098315
41103278
41108241
41113208
41118175
41123144
41128113
41133082
41138051
41143020
41147989
41152959
41157928
41162897
41167864
41172833
41177800
41182767
41187730
41192697
41197664
41202633
41207602
41212571
41217540
41222510
41227480
41232450
41237419
41242388
41247357
41252327
41257296
41262266
41267235
41272205
41277175
41282149
41287123
41292097
41297067
41302041
41307015
41311989
41316963
41321937
41326907
41331881
41336851
41341825
41346799
41351773
41356743
41361717
41366687
41371657
41376627
41381597
41386566
41391536
41396505
41401474
41406441
41411410
41416379
41421348
41426315
41431284
41436253
41441223
41446193
41451167
41456141
41461115
41466089
41471063
41476033
41481007
41485981
41490955
41495925
41500895
41505864
41510834
41515803
41520772
41525739
41530708
41535675
41540644
41545611
41550578
41555541
41560504
41565466
41570429
41575391
41580353
41585315
41590278
41595241
41600204
41605166
41610129
41615091
41620054
41625016
41629978
41634939
41639901
41644862
41649824
41654785
41659746
41664707
41669668
41674627
41679588
41684549
41689510
41694469
41699430
41704389
41709350
41714309
41719270
41724231
41729192
41734153
41739114
41744075
41749036
41753997
41758959
41763921
41768884
41773846
41778809
41783771
41788734
41793696
41798659
41803622
41808585
41813548
41818515
41823478
41828445
41833408
41838371
41843333
41848296
41853259
41858222
41863185
41868152
41873115
41878078
41883040
41888003
41892966
41897929
41902891
41907854
41912817
41917784
41922747
41927714
41932681
41937648
41942611
41947578
41952545
41957512
41962479
41967448
41972415
41977382
41982349
41987318
41992287
41997257
42002227
42007197
42012167
42017137
42022107
42027077
42032047
42037017
42041986
42046955
42051924
42056894
42061864
42066834
42071803
42076773
42081743
42086717
42091691
42096665
42101639
42106613
42111587
42116561
42121531
42126505
42131479
42136453
42141427
42146401
42151375
42156349
42161319
42166293
42171263
42176237
42181207
42186181
42191155
42196129
42201103
42206077
42211051
42216025
42220999
42225973
42230947
42235921
42240895
42245869
42250843
42255817
42260791
42265765
42270739
42275713
42280687
42285661
42290635
42295609
42300583
42305557
42310531
42315505
42320479
42325453
42330427
42335401
42340375
42345349
42350323
42355297
42360271
42365245
42370219
42375193
42380167
42385141
42390115
42395089
42400063
42405037
42410011
42414985
42419959
42424933
42429907
42434881
42439855
42444829
42449803
42454777
42459751
42464725
42469699
42474673
42479647
42484621
42489595
42494569
42499543
42504517
42509491
42514465
42519439
42524413
42529387
42534361
42539335
42544309
42549283
42554257
42559231
42564205
42569179
42574153
42579127
42584104
42589081
42594058
42599035
42604012
42608989
42613966
42618943
42623920
42628897
42633874
42638851
42643828
42648805
42653782
42658759
42663736
42668713
42673690
42678667
42683644
42688618
42693595
42698572
42703549
42708523
42713500
42718477
42723454
42728428
42733405
42738382
42743359
42748336
42753313
42758290
42763267
42768244
42773221
42778198
42783175
42788152
42793129
42798106
42803083
42808060
42813037
42818014
42822991
42827968
42832945
42837922
42842899
42847876
42852853
42857830
42862807
42867784
42872761
42877735
42882712
42887686
42892663
42897637
42902614
42907588
42912565
42917542
42922519
42927496
42932473
42937447
42942421
42947395
42952369
42957343
42962317
42967291
42972265
42977239
42982213
42987187
42992161
42997135
43002112
43007089
43012066
43017043
43022020
43026997
43031974
43036951
43041928
43046905
43051882
43056859
43061836
43066813
43071790
43076767
43081744
43086721
43091698
43096675
43101653
43106631
43111609
43116586
43121564
43126541
43131518
43136495
43141472
43146449
43151427
43156405
43161383
43166360
43171337
43176314
43181291
43186268
43191245
43196222
43201199
43206176
43211153
43216130
43221107
43226084
43231061
43236038
43241016
43245994
43250972
43255950
43260928
43265905
43270882
43275859
43280836
43285813
43290790
43295767
43300744
43305721
43310698
43315675
43320653
43325631
43330609
43335587
43340566
43345544
43350522
43355499
43360476
43365453
43370430
43375407
43380384
43385361
43390339
43395316
43400294
43405271
43410249
43415227
43420205
43425183
43430162
43435141
43440120
43445099
43450078
43455057
43460036
43465014
43469992
43474969
43479947
43484925
43489904
43494882
43499861
43504840
43509819
43514797
43519776
43524755
43529734
43534713
43539692
43544671
43549650
43554629
43559609
43564588
43569567
43574546
43579525
43584504
43589483
43594462
43599441
43604420
43609399
43614378
43619357
43624336
43629315
43634294
43639273
43644252
43649232
43654211
43659190
43664169
43669148
43674127
43679107
43684086
43689065
43694044
43699023
43704002
43708982
43713961
43718940
43723919
43728898
43733877
43738856
43743835
43748815
43753794
43758773
43763752
43768731
43773710
43778689
43783668
43788647
43793626
43798605
43803584
43808563
43813542
43818522
43823501
43828480
43833459
43838438
43843417
43848396
43853375
43858355
43863335
43868315
43873295
43878275
43883255
43888235
43893215
43898195
43903175
43908155
43913135
43918115
43923095
43928075
43933055
43938035
43943015
43947997
43952979
43957961
43962941
43967923
43972903
43977883
43982863
43987845
43992827
43997810
44002792
44007774
44012754
44017734
44022714
44027694
44032674
44037654
44042634
44047614
44052594
44057574
44062554
44067534
44072514
44077496
44082476
44087456
44092436
44097418
44102398
44107380
44112360
44117340
44122320
44127302
44132284
44137266
44142248
44147231
44152214
44157197
44162180
44167164
44172148
44177132
44182115
44187099
44192083
44197067
44202050
44207034
44212018
44217002
44221985
44226969
44231953
44236939
44241923
44246909
44251895
44256881
44261867
44266854
44271841
44276828
44281815
44286802
44291789
44296776
44301763
44306751
44311738
44316726
44321713
44326701
44331689
44336677
44341665
44346655
44351643
44356631
44361619
44366607
44371594
44376581
44381568
44386555
44391542
44396529
44401516
44406503
44411490
44416477
44421464
44426451
44431438
44436425
44441411
44446397
44451383
44456370
44461356
44466343
44471330
44476317
44481303
44486289
44491273
44496259
44501243
44506229
44511215
44516202
44521188
44526175
44531162
44536149
44541136
44546123
44551109
44556096
44561082
44566069
44571055
44576042
44581029
44586016
44591003
44595990
44600977
44605964
44610951
44615938
44620924
44625911
44630897
44635883
44640869
44645855
44650841
44655827
44660811
44665795
44670779
44675765
44680749
44685735
44690719
44695705
44700689
44705675
44710661
44715645
44720631
44725617
44730603
44735587
44740572
44745557
44750543
44755529
44760515
44765501
44770488
44775474
44780460
44785446
44790432
44795417
44800402
44805387
44810372
44815356
44820340
44825323
44830306
44835289
44840272
44845255
44850239
44855223
44860208
44865192
44870176
44875160
44880145
44885130
44890115
44895099
44900083
44905067
44910052
44915036
44920020
44925004
44929988
44934971
44939954
44944936
44949919
44954901
44959884
44964867
44969850
44974832
44979814
44984796
44989778
44994760
44999742
45004724
45009707
45014690
45019674
45024657
45029641
45034624
45039608
45044591
45049574
45054557
45059541
45064524
45069508
45074492
45079477
45084462
45089448
45094434
45099421
45104407
45109393
45114379
45119366
45124352
45129339
45134325
45139312
45144298
45149284
45154270
45159257
45164243
45169229
45174215
45179202
45184189
45189176
45194163
45199150
45204137
45209124
45214111
45219098
45224085
45229072
45234059
45239046
45244033
45249020
45254007
45258994
45263981
45268968
45273955
45278943
45283930
45288918
45293906
45298896
45303884
45308874
45313864
45318855
45323845
45328836
45333827
45338819
45343810
45348802
45353793
45358785
45363776
45368768
45373759
45378750
45383741
45388732
45393722
45398712
45403700
45408688
45413676
45418666
45423656
45428647
45433637
45438627
45443617
45448608
45453598
45458588
45463576
45468566
45473554
45478542
45483530
45488518
45493506
45498496
45503486
45508476
45513464
45518452
45523439
45528426
45533413
45538400
45543387
45548374
45553361
45558349
45563336
45568323
45573310
45578297
45583284
45588271
45593258
45598245
45603232
45608219
45613206
45618193
45623180
45628167
45633154
45638141
45643128
45648115
45653101
45658087
45663073
45668059
45673045
45678031
45683017
45688004
45692991
45697978
45702965
45707952
45712939
45717926
45722912
45727899
45732885
45737872
45742858
45747845
45752832
45757819
45762805
45767792
45772779
45777766
45782753
45787740
45792727
45797714
45802701
45807688
45812674
45817661
45822648
45827635
45832622
45837609
45842596
45847583
45852570
45857557
45862544
45867531
45872518
45877505
45882492
45887479
45892466
45897453
45902440
45907427
45912414
45917401
45922388
45927376
45932363
45937350
45942337
45947324
45952311
45957298
45962285
45967272
45972259
45977246
45982233
45987220
45992207
45997194
46002181
46007168
46012155
46017142
46022129
46027116
46032103
46037090
46042077
46047064
46052051
46057038
46062025
46067012
46071999
46076986
46081973
46086960
46091947
46096934
46101921
46106908
46111895
46116882
46121869
46126857
46131845
46136835
46141823
46146811
46151798
46156785
46161772
46166759
46171746
46176733
46181720
46186707
46191694
46196681
46201668
46206655
46211642
46216629
46221616
46226604
46231591
46236579
46241566
46246554
46251542
46256530
46261518
46266506
46271494
46276484
46281474
46286464
46291452
46296440
46301427
46306415
46311402
46316390
46321377
46326364
46331351
46336338
46341325
46346312
46351299
46356286
46361273
46366260
46371247
46376234
46381221
46386208
46391195
46396182
46401168
46406154
46411140
46416126
46421112
46426098
46431083
46436069
46441054
46446040
46451025
46456011
46460996
46465981
46470966
46475951
46480935
46485919
46490902
46495886
46500870
46505854
46510837
46515820
46520803
46525786
46530768
46535750
46540730
46545712
46550692
46555672
46560652
46565632
46570612
46575592
46580572
46585552
46590532
46595514
46600494
46605476
46610458
46615440
46620420
46625400
46630380
46635360
46640340
46645320
46650300
46655280
46660260
46665240
46670220
46675200
46680180
46685162
46690142
46695124
46700106
46705088
46710070
46715053
46720035
46725017
46729997
46734977
46739957
46744939
46749921
46754903
46759883
46764865
46769847
46774829
46779811
46784794
46789777
46794761
46799744
46804727
46809709
46814691
46819673
46824655
46829637
46834619
46839601
46844584
46849567
46854550
46859532
46864515
46869498
46874481
46879463
46884445
46889425
46894405
46899385
46904367
46909347
46914327
46919307
46924287
46929267
46934247
46939227
46944207
46949187
46954167
46959147
46964127
46969107
46974087
46979067
46984047
46989027
46994007
46998987
47003967
47008947
47013927
47018907
47023887
47028867
47033847
47038827
47043807
47048787
47053767
47058747
47063727
47068706
47073686
47078665
47083644
47088623
47093602
47098581
47103560
47108539
47113518
47118497
47123476
47128454
47133433
47138411
47143390
47148369
47153348
47158326
47163305
47168283
47173262
47178241
47183220
47188199
47193179
47198158
47203138
47208117
47213097
47218076
47223055
47228034
47233013
47237991
47242969
47247947
47252925
47257902
47262879
47267856
47272834
47277811
47282789
47287766
47292744
47297722
47302701
47307680
47312659
47317638
47322617
47327596
47332575
47337553
47342532
47347511
47352490
47357469
47362448
47367427
47372406
47377385
47382364
47387342
47392321
47397299
47402278
47407256
47412234
47417211
47422188
47427165
47432142
47437119
47442097
47447075
47452053
47457031
47462010
47466989
47471968
47476947
47481926
47486904
47491883
47496862
47501841
47506820
47511799
47516778
47521757
47526736
47531716
47536695
47541675
47546655
47551635
47556615
47561595
47566575
47571555
47576534
47581514
47586494
47591474
47596454
47601434
47606414
47611394
47616374
47621354
47626334
47631314
47636294
47641274
47646253
47651233
47656213
47661193
47666173
47671153
47676133
47681113
47686093
47691073
47696052
47701031
47706010
47710989
47715967
47720945
47725923
47730901
47735878
47740855
47745832
47750809
47755786
47760764
47765741
47770718
47775695
47780672
47785649
47790626
47795603
47800580
47805557
47810534
47815511
47820488
47825462
47830439
47835413
47840387
47845361
47850335
47855309
47860283
47865257
47870231
47875205
47880179
47885153
47890127
47895101
47900075
47905049
47910023
47914997
47919971
47924941
47929915
47934889
47939863
47944833
47949807
47954781
47959755
47964725
47969695
47974664
47979633
47984602
47989571
47994538
47999507
48004474
48009443
48014410
48019379
48024348
48029318
48034288
48039262
48044236
48049210
48054184
48059158
48064132
48069106
48074080
48079054
48084028
48089002
48093976
48098950
48103924
48108901
48113878
48118855
48123832
48128809
48133786
48138763
48143737
48148714
48153691
48158668
48163642
48168616
48173590
48178564
48183538
48188512
48193486
48198460
48203434
48208408
48213382
48218356
48223330
48228304
48233278
48238252
48243226
48248200
48253174
48258148
48263122
48268096
48273070
48278044
48283018
48287992
48292966
48297943
48302917
48307894
48312871
48317848
48322825
48327802
48332779
48337756
48342730
48347707
48352681
48357655
48362629
48367603
48372577
48377554
48382531
48387508
48392485
48397462
48402439
48407416
48412393
48417370
48422347
48427325
48432302
48437279
48442256
48447233
48452210
48457187
48462164
48467141
48472118
48477096
48482073
48487050
48492027
48497004
48501981
48506959
48511937
48516916
48521894
48526872
48531850
48536828
48541805
48546782
48551759
48556736
48561713
48566690
48571667
48576644
48581621
48586598
48591575
48596552
48601529
48606506
48611483
48616460
48621437
48626414
48631391
48636368
48641345
48646322
48651299
48656276
48661253
48666230
48671207
48676184
48681161
48686138
48691115
48696092
48701069
48706046
48711020
48715997
48720974
48720974
